#r        v         
0.150123  20.3842   
0.300246  27.1131   
0.450369  34.4865   
0.600492  34.7421   
0.750615  46.1995   
0.900738  60.967    
1.05086   66.3339   
1.20098   67.2792   
1.35111   82.7505   
1.50123   106.721   
1.65135   121.201   
1.80148   99.9353   
1.9516    112.841   
2.10172   140.134   
2.25184   156.981   
2.40197   151.007   
2.55209   191.348   
2.70221   138.207   
2.85234   176.588   
3.00246   272.291   
3.15258   262.305   
3.30271   354.259   
3.45283   297.161   
3.60295   307.692   
3.75307   386.8     
3.9032    394.446   
4.05332   388.578   
4.20344   359.713   
4.35357   374.453   
4.50369   362.189   
4.65381   319.335   
4.80394   301.468   
4.95406   292.127   
5.10418   276.085   
5.2543    262.359   
5.40443   460.989   
5.55455   475.051   
5.70467   409.013   
5.8548    374.68    
6.00492   564.507   
6.15504   530.455   
6.30517   670.97    
6.45529   673.386   
6.60541   601.607   
6.75553   504.543   
6.90566   590.685   
7.05578   421.772   
7.2059    911.063   
7.35603   641.764   
7.50615   674       
7.65627   542.861   
7.8064    504.077   
7.95652   437.159   
8.10664   395.66    
8.25676   342.702   
8.40689   436.385   
8.55701   494.812   
8.70713   382.177   
8.85726   401.354   
9.00738   509.097   
9.1575    390.486   
9.30763   628.106   
9.45775   598.635   
9.60787   866.372   
9.75799   719.315   
9.90812   634.89    
10.0582   853.809   
10.2084   450.693   
10.3585   977.864   
10.5086   1035.54   
10.6587   1134.43   
10.8089   576.366   
10.959    743.886   
11.1091   877.139   
11.2592   882.271   
11.4093   1047.1    
11.5595   810.96    
11.7096   848.53    
11.8597   732.568   
12.0098   828.551   
12.16     763.009   
12.3101   803.115   
12.4602   820.581   
12.6103   1025.05   
12.7605   793.979   
12.9106   641.087   
13.0607   615.243   
13.2108   839.179   
13.3609   767.106   
13.5111   823.624   
13.6612   682.704   
13.8113   805.446   
13.9614   680.602   
14.1116   816.672   
14.2617   734.164   
14.4118   797.833   
14.5619   812.44    
14.7121   771.636   
14.8622   1026.05   
15.0123   1163.11   
15.1624   1455.55   
15.3125   1317.74   
15.4627   1242.5    
15.6128   1279.75   
15.7629   1500.33   
15.913    1330.5    
16.0632   1407.47   
16.2133   1313.16   
16.3634   1477.71   
16.5135   1390.84   
16.6637   1292.85   
16.8138   1416.39   
16.9639   1313.6    
17.114    1364.65   
17.2641   1451.33   
17.4143   1263.73   
17.5644   1271.98   
17.7145   1131.42   
17.8646   1172.36   
18.0148   1336.61   
18.1649   1234.99   
18.315    1333.24   
18.4651   1155.33   
18.6153   1268.49   
18.7654   1145.18   
18.9155   1347.42   
19.0656   1352.36   
19.2157   1353.05   
19.3659   1106.16   
19.516    1170.46   
19.6661   1145.94   
19.8162   1127.19   
19.9664   1118.66   
20.1165   1202.51   
20.2666   1031.57   
20.4167   933.485   
20.5669   1063.7    
20.717    1096.08   
20.8671   1145.45   
21.0172   1032.01   
21.1673   1123.34   
21.3175   969.362   
21.4676   1021.36   
21.6177   1179.69   
21.7678   1133.05   
21.918    1160.6    
22.0681   1052.1    
22.2182   1270.61   
22.3683   826.34    
22.5184   1049.06   
22.6686   1058.74   
22.8187   1198.99   
22.9688   989.192   
23.1189   850.137   
23.2691   1150.68   
23.4192   967.223   
23.5693   842.082   
23.7194   1021.19   
23.8696   842.36    
24.0197   996.796   
24.1698   1014.48   
24.3199   1021.7    
24.47     898.836   
24.6202   932.635   
24.7703   881.703   
24.9204   1027.5    
25.0705   990.658   
25.2207   845.091   
25.3708   845.4     
25.5209   859.953   
25.671    979.343   
25.8212   899.867   
25.9713   775.619   
26.1214   847.852   
26.2715   908.922   
26.4216   971.243   
26.5718   891.084   
26.7219   872.174   
26.872    902.805   
27.0221   960.298   
27.1723   941.383   
27.3224   981.922   
27.4725   856.8     
27.6226   874.798   
27.7728   804.798   
27.9229   823.161   
28.073    819.468   
28.2231   937.33    
28.3732   775.101   
28.5234   820.294   
28.6735   763.276   
28.8236   880.083   
28.9737   756.64    
29.1239   796.402   
29.274    831.779   
29.4241   829.669   
29.5742   770.332   
29.7244   745.274   
29.8745   836.347   
30.0246   868.449   
30.1747   734.119   
30.3248   784.688   
30.475    720.076   
30.6251   756.181   
30.7752   766.852   
30.9253   726.392   
31.0755   649.053   
31.2256   724.652   
31.3757   838.632   
31.5258   693.967   
31.676    766.566   
31.8261   769.267   
31.9762   749.095   
32.1263   544.913   
32.2764   689.494   
32.4266   833.504   
32.5767   661.27    
32.7268   732.384   
32.8769   624.177   
33.0271   750.584   
33.1772   748.035   
33.3273   741.299   
33.4774   744.912   
33.6276   755.591   
33.7777   774.721   
33.9278   670.015   
34.0779   721.536   
34.228    684.745   
34.3782   724.438   
34.5283   701.229   
34.6784   707.616   
34.8285   686.924   
34.9787   691.005   
35.1288   713.332   
35.2789   631.987   
35.429    630.694   
35.5792   739.864   
35.7293   677.709   
35.8794   624.641   
36.0295   633.481   
36.1796   673.175   
36.3298   617.015   
36.4799   706.378   
36.63     701.387   
36.7801   573.188   
36.9303   688.279   
37.0804   630.71    
37.2305   695.513   
37.3806   672.054   
37.5307   667.378   
37.6809   639.114   
37.831    693.235   
37.9811   712.338   
38.1312   583.182   
38.2814   690.481   
38.4315   642.753   
38.5816   607.723   
38.7317   554.264   
38.8819   671.121   
39.032    533.57    
39.1821   662.306   
39.3322   633.474   
39.4823   654.302   
39.6325   504.989   
39.7826   604.637   
39.9327   566.172   
40.0828   647.22    
40.233    637.273   
40.3831   602.57    
40.5332   597.864   
40.6833   642.403   
40.8335   610.829   
40.9836   570.284   
41.1337   596.601   
41.2838   641.537   
41.4339   523.462   
41.5841   580.564   
41.7342   571.378   
41.8843   630.984   
42.0344   534.712   
42.1846   558.943   
42.3347   572.87    
42.4848   578.491   
42.6349   559.531   
42.7851   523.327   
42.9352   563.193   
43.0853   554.656   
43.2354   498.574   
43.3855   465.917   
43.5357   518.82    
43.6858   539.927   
43.8359   479.314   
43.986    575.759   
44.1362   477.385   
44.2863   592.595   
44.4364   528.158   
44.5865   526.389   
44.7367   555.616   
44.8868   580.116   
45.0369   556.685   
45.187    494.928   
45.3371   472.77    
45.4873   523.686   
45.6374   566.032   
45.7875   459.088   
45.9376   511.788   
46.0878   442.157   
46.2379   518.502   
46.388    537.113   
46.5381   512.959   
46.6883   518.647   
46.8384   512.891   
46.9885   490.09    
47.1386   478.133   
47.2887   499.251   
47.4389   486.071   
47.589    516.134   
47.7391   499.415   
47.8892   524.35    
48.0394   519.118   
48.1895   473.434   
48.3396   527.228   
48.4897   431.912   
48.6399   489.32    
48.79     517.362   
48.9401   525.097   
49.0902   476.05    
49.2403   507.318   
49.3905   501.538   
49.5406   543.585   
49.6907   493.552   
49.8408   475.001   
49.991    545.707   
