#r        v         
0         25.9259   
0.150123  15.6797   
0.300246  21.6051   
0.450369  28.3946   
0.600492  34.5263   
0.750615  41.3559   
0.900738  62.3203   
1.05086   61.6503   
1.20098   60.1225   
1.35111   92.9925   
1.50123   97.1311   
1.65135   115.815   
1.80148   117.31    
1.9516    135.733   
2.10172   154.155   
2.25184   206.07    
2.40197   265.396   
2.55209   403.39    
2.70221   181.15    
2.85234   293.029   
3.00246   422.673   
3.15258   271.1     
3.30271   326.479   
3.45283   202.929   
3.60295   192.918   
3.75307   347.528   
3.9032    360.031   
4.05332   503.475   
4.20344   504.787   
4.35357   525.234   
4.50369   693.085   
4.65381   771.642   
4.80394   665.237   
4.95406   495.226   
5.10418   583.043   
5.2543    434.246   
5.40443   568.131   
5.55455   427.543   
5.70467   324.33    
5.8548    286.979   
6.00492   390.741   
6.15504   470.943   
6.30517   684.769   
6.45529   894.445   
6.60541   728.057   
6.75553   620.015   
6.90566   738.442   
7.05578   673.353   
7.2059    1092.94   
7.35603   1077.79   
7.50615   638.331   
7.65627   766.773   
7.8064    642.916   
7.95652   534.005   
8.10664   444.31    
8.25676   388.631   
8.40689   495.023   
8.55701   716.704   
8.70713   534.702   
8.85726   438.448   
9.00738   581.37    
9.1575    459.786   
9.30763   779.752   
9.45775   803.615   
9.60787   1171.61   
9.75799   1108.05   
9.90812   1039.2    
10.0582   949.323   
10.2084   530.239   
10.3585   1112.75   
10.5086   1536.38   
10.6587   1286.33   
10.8089   945.957   
10.959    990.813   
11.1091   1004.15   
11.2592   1014.34   
11.4093   1101.69   
11.5595   747.456   
11.7096   846.663   
11.8597   623.893   
12.0098   648.601   
12.16     616.191   
12.3101   715.657   
12.4602   768.027   
12.6103   1000.05   
12.7605   874.692   
12.9106   744.789   
13.0607   894.913   
13.2108   1320.92   
13.3609   1013.48   
13.5111   1467.5    
13.6612   1119.75   
13.8113   1534.52   
13.9614   1625.9    
14.1116   1532.09   
14.2617   1332.53   
14.4118   1632.14   
14.5619   1557.19   
14.7121   1430.73   
14.8622   1425.59   
15.0123   1679.22   
15.1624   2012.08   
15.3125   1738.29   
15.4627   1425.76   
15.6128   1562.3    
15.7629   1988.5    
15.913    1759.19   
16.0632   1861.25   
16.2133   1732.39   
16.3634   1959.2    
16.5135   1841.17   
16.6637   1708.03   
16.8138   1873.92   
16.9639   1734.13   
17.114    1805.65   
17.2641   1923.18   
17.4143   1667.88   
17.5644   1678.18   
17.7145   1487.53   
17.8646   1544.86   
18.0148   1763.94   
18.1649   1627.76   
18.315    1762.47   
18.4651   1521.11   
18.6153   1673.2    
18.7654   1504.8    
18.9155   1782.66   
19.0656   1789.48   
19.2157   1789.93   
19.3659   1452.75   
19.516    1536.83   
19.6661   1506.1    
19.8162   1483.64   
19.9664   1470.76   
20.1165   1584.94   
20.2666   1351.33   
20.4167   1213.35   
20.5669   1397.38   
20.717    1440.09   
20.8671   1508.97   
21.0172   1353.66   
21.1673   1479      
21.3175   1263.59   
21.4676   1340.46   
21.6177   1555.79   
21.7678   1491.61   
21.918    1529.85   
22.0681   1381.23   
22.2182   1679.78   
22.3683   1069.65   
22.5184   1378.9    
22.6686   1389.36   
22.8187   1582.15   
22.9688   1293.57   
23.1189   1101.85   
23.2691   1517.56   
23.4192   1263.07   
23.5693   1092.1    
23.7194   1339.71   
23.8696   1094.5    
24.0197   1306.42   
24.1698   1332.46   
24.3199   1342.43   
24.47     1170.36   
24.6202   1218.39   
24.7703   1148.15   
24.9204   1350.17   
25.0705   1297.08   
25.2207   1099.37   
25.3708   1100.09   
25.5209   1117.9    
25.671    1284.58   
25.8212   1174.62   
25.9713   1002.79   
26.1214   1102.57   
26.2715   1187.21   
26.4216   1269.98   
26.5718   1161.42   
26.7219   1136.55   
26.872    1178.42   
27.0221   1258.34   
27.1723   1231.36   
27.3224   1288.16   
27.4725   1117.74   
27.6226   1137.18   
27.7728   1043.99   
27.9229   1067.34   
28.073    1064.01   
28.2231   1227.4    
28.3732   1000.83   
28.5234   1065.69   
28.6735   987.795   
28.8236   1147.82   
28.9737   978.505   
29.1239   1032.66   
29.274    1082.76   
29.4241   1079.84   
29.5742   997.852   
29.7244   960.063   
29.8745   1087.05   
30.0246   1134.49   
30.1747   946.337   
30.3248   1018.47   
30.475    925.764   
30.6251   978.441   
30.7752   992.728   
30.9253   936.579   
31.0755   828.648   
31.2256   934.238   
31.3757   1091.71   
31.5258   890.946   
31.676    993.313   
31.8261   996.264   
31.9762   969.415   
32.1263   674.745   
32.2764   886.33    
32.4266   1086.41   
32.5767   844.937   
32.7268   946.919   
32.8769   792.669   
33.0271   972.401   
33.1772   968.3     
33.3273   957.145   
33.4774   964.993   
33.6276   976.213   
33.7777   1005.27   
33.9278   858.792   
34.0779   930.985   
34.228    880.426   
34.3782   935.51    
34.5283   902.269   
34.6784   913.908   
34.8285   882.942   
34.9787   889.477   
35.1288   921.089   
35.2789   807.427   
35.429    801.416   
35.5792   958.884   
35.7293   871.184   
35.8794   796.401   
36.0295   809.875   
36.1796   865.192   
36.3298   784.366   
36.4799   911.049   
36.63     905.084   
36.7801   722.199   
36.9303   885.437   
37.0804   805.723   
37.2305   896.785   
37.3806   862.912   
37.5307   857.903   
37.6809   816.897   
37.831    894.46    
37.9811   921.09    
38.1312   737.988   
38.2814   890.628   
38.4315   822.411   
38.5816   772.977   
38.7317   695.943   
38.8819   864.581   
39.032    659.952   
39.1821   852.277   
39.3322   810.795   
39.4823   840.406   
39.6325   628.078   
39.7826   769.872   
39.9327   714.516   
40.0828   829.935   
40.233    816.275   
40.3831   766.619   
40.5332   758.307   
40.6833   824.047   
40.8335   780.14    
40.9836   718.988   
41.1337   759.914   
41.2838   823.507   
41.4339   653.904   
41.5841   736.353   
41.7342   725.229   
41.8843   808.676   
42.0344   669.091   
42.1846   706.344   
42.3347   726.702   
42.4848   735.276   
42.6349   705.476   
42.7851   653.718   
42.9352   711.028   
43.0853   700.989   
43.2354   619.567   
43.3855   569.676   
43.5357   647.691   
43.6858   679.07    
43.8359   591.289   
43.986    730.84    
44.1362   587.657   
44.2863   754.203   
44.4364   661.433   
44.5865   661.589   
44.7367   703.88    
44.8868   738.243   
45.0369   704.379   
45.187    613.903   
45.3371   582.689   
45.4873   657.204   
45.6374   717.528   
45.7875   561.62    
45.9376   639.801   
46.0878   537.174   
46.2379   650.849   
46.388    676.698   
46.5381   641.875   
46.6883   649.58    
46.8384   641.01    
46.9885   609.239   
47.1386   591.703   
47.2887   622.531   
47.4389   602.724   
47.589    648.221   
47.7391   622.126   
47.8892   659.499   
48.0394   651.9     
48.1895   584.28    
48.3396   663.618   
48.4897   526.38    
48.6399   606.99    
48.79     650.239   
48.9401   659.852   
49.0902   590.355   
49.2403   634.276   
49.3905   627.187   
49.5406   688.064   
49.6907   615.223   
49.8408   587.796   
49.991    691.042   
