#r        v         
0         7.21559   
0.150123  8.84874   
0.300246  13.0106   
0.450369  13.9956   
0.600492  16.6083   
0.750615  30.1706   
0.900738  42.7207   
1.05086   53.6457   
1.20098   60.4331   
1.35111   77.4662   
1.50123   84.3845   
1.65135   92.9182   
1.80148   107.486   
1.9516    117.894   
2.10172   136.115   
2.25184   143.144   
2.40197   150.783   
2.55209   186.691   
2.70221   146.493   
2.85234   161.35    
3.00246   212.659   
3.15258   195.377   
3.30271   224.042   
3.45283   192.381   
3.60295   205.618   
3.75307   244.997   
3.9032    249.351   
4.05332   241.934   
4.20344   244.91    
4.35357   234.525   
4.50369   283.508   
4.65381   282.562   
4.80394   252.402   
4.95406   237.381   
5.10418   261.446   
5.2543    249.058   
5.40443   331.641   
5.55455   258.693   
5.70467   248.535   
5.8548    245.534   
6.00492   290.602   
6.15504   276.621   
6.30517   329.651   
6.45529   313.959   
6.60541   313.182   
6.75553   295.482   
6.90566   343.266   
7.05578   294.063   
7.2059    430.592   
7.35603   377.962   
7.50615   371.468   
7.65627   419.476   
7.8064    396.053   
7.95652   382.912   
8.10664   394.329   
8.25676   339.237   
8.40689   469.183   
8.55701   466.883   
8.70713   388.612   
8.85726   404.309   
9.00738   467.835   
9.1575    331.75    
9.30763   473.057   
9.45775   432.063   
9.60787   517.55    
9.75799   473.156   
9.90812   438.896   
10.0582   477.646   
10.2084   319.944   
10.3585   510.52    
10.5086   581.83    
10.6587   621.256   
10.8089   404.6     
10.959    492.257   
11.1091   502.909   
11.2592   539.104   
11.4093   553.565   
11.5595   497.116   
11.7096   614.603   
11.8597   425.404   
12.0098   502.511   
12.16     460.207   
12.3101   496.414   
12.4602   537.226   
12.6103   612.946   
12.7605   509.279   
12.9106   474.892   
13.0607   426.619   
13.2108   559.545   
13.3609   535.126   
13.5111   573.825   
13.6612   424.144   
13.8113   558.564   
13.9614   455.538   
14.1116   660.876   
14.2617   589.778   
14.4118   538.827   
14.5619   523.292   
14.7121   542.941   
14.8622   471.633   
15.0123   556.467   
15.1624   692.867   
15.3125   664.896   
15.4627   594.292   
15.6128   653.877   
15.7629   838.226   
15.913    752.332   
16.0632   793.669   
16.2133   747.551   
16.3634   824.969   
16.5135   781.829   
16.6637   733.721   
16.8138   797.246   
16.9639   746.396   
17.114    769.058   
17.2641   812.064   
17.4143   720.276   
17.5644   725.548   
17.7145   655.687   
17.8646   673.198   
18.0148   759.408   
18.1649   706.472   
18.315    754.433   
18.4651   665.639   
18.6153   723.797   
18.7654   664.055   
18.9155   759.8     
19.0656   762.227   
19.2157   763.199   
19.3659   642.793   
19.516    678.286   
19.6661   663.515   
19.8162   650.858   
19.9664   647.192   
20.1165   689.3     
20.2666   605.389   
20.4167   562.912   
20.5669   619.528   
20.717    637.092   
20.8671   659.087   
21.0172   604.236   
21.1673   648.098   
21.3175   579.185   
21.4676   597.442   
21.6177   675.486   
21.7678   653.631   
21.918    666.119   
22.0681   613.659   
22.2182   719.608   
22.3683   507.569   
22.5184   610.108   
22.6686   617.403   
22.8187   684.652   
22.9688   584.72    
23.1189   519.952   
23.2691   659.283   
23.4192   575.288   
23.5693   514.352   
23.7194   597.861   
23.8696   512.851   
24.0197   586.059   
24.1698   592.438   
24.3199   595.588   
24.47     540.906   
24.6202   555.675   
24.7703   531.514   
24.9204   598.763   
25.0705   584.103   
25.2207   512.783   
25.3708   512.567   
25.5209   521.341   
25.671    575.147   
25.8212   538.571   
25.9713   481.104   
26.1214   514.488   
26.2715   542.458   
26.4216   574.282   
26.5718   535.36    
26.7219   525.163   
26.872    540.325   
27.0221   566.305   
27.1723   558.378   
27.3224   576.27    
27.4725   515.463   
27.6226   529.002   
27.7728   493.562   
27.9229   504.183   
28.073    500.399   
28.2231   554.527   
28.3732   482.09    
28.5234   500.396   
28.6735   473.036   
28.8236   528.027   
28.9737   470.083   
29.1239   489.282   
29.274    504.268   
29.4241   503.161   
29.5742   475.531   
29.7244   466.546   
29.8745   508.219   
30.0246   519.679   
30.1747   460.334   
30.3248   481.655   
30.475    454.224   
30.6251   469.097   
30.7752   474.05    
30.9253   456.235   
31.0755   421.595   
31.2256   455.204   
31.3757   507.394   
31.5258   441.497   
31.676    473.102   
31.8261   474.321   
31.9762   464.955   
32.1263   381.195   
32.2764   438.035   
32.4266   503.229   
32.5767   427.163   
32.7268   456.388   
32.8769   410.464   
33.0271   464.469   
33.1772   463.968   
33.3273   462.673   
33.4774   461.144   
33.6276   468.603   
33.7777   475.787   
33.9278   429.14    
34.0779   452.286   
34.228    434.608   
34.3782   452.963   
34.5283   443.289   
34.6784   443.401   
34.8285   436.576   
34.9787   437.511   
35.1288   446.939   
35.2789   410.846   
35.429    413.444   
35.5792   457.7     
35.7293   431.203   
35.8794   407.834   
36.0295   411.113   
36.1796   428.654   
36.3298   406.147   
36.4799   443.679   
36.63     440.721   
36.7801   386.67    
36.9303   435.9     
37.0804   410.137   
37.2305   438.17    
37.3806   428.294   
37.5307   425.126   
37.6809   413.987   
37.831    435.904   
37.9811   444.599   
38.1312   389.45    
38.2814   434.813   
38.4315   415.25    
38.5816   399.813   
38.7317   378.442   
38.8819   425.018   
39.032    372.825   
39.1821   420.919   
39.3322   409.5     
39.4823   418.236   
39.6325   355.849   
39.7826   397.298   
39.9327   381.096   
40.0828   415.534   
40.233    410.951   
40.3831   396.665   
40.5332   395.48    
40.6833   412.623   
40.8335   398.285   
40.9836   384.105   
41.1337   392.394   
41.2838   411.303   
41.4339   362.853   
41.5841   386.097   
41.7342   380.615   
41.8843   406.712   
42.0344   367.931   
42.1846   376.317   
42.3347   381.914   
42.4848   383.606   
42.6349   377.953   
42.7851   362.275   
42.9352   378.995   
43.0853   373.722   
43.2354   351.452   
43.3855   340.376   
43.5357   360.328   
43.6858   368.068   
43.8359   343.676   
43.986    382.626   
44.1362   343.572   
44.2863   390.407   
44.4364   363.205   
44.5865   361.005   
44.7367   372.534   
44.8868   383.179   
45.0369   374.135   
45.187    349.325   
45.3371   340.452   
45.4873   360.005   
45.6374   378.027   
45.7875   335.362   
45.9376   355.496   
46.0878   327.94    
46.2379   356.77    
46.388    365.459   
46.5381   355.558   
46.6883   358.268   
46.8384   355.785   
46.9885   345.783   
47.1386   341.407   
47.2887   349.417   
47.4389   344.463   
47.589    355.184   
47.7391   349.889   
47.8892   358.877   
48.0394   356.89    
48.1895   339.286   
48.3396   359.948   
48.4897   321.308   
48.6399   346.428   
48.79     355.384   
48.9401   359.512   
49.0902   339.096   
49.2403   352.212   
49.3905   349.476   
49.5406   365.88    
49.6907   346.386   
49.8408   338.986   
49.991    366.827   
