#r        v         
0         11.2478   
0.150123  11.6742   
0.300246  15.0983   
0.450369  30.8843   
0.600492  35.8868   
0.750615  44.1596   
0.900738  55.8847   
1.05086   58.3538   
1.20098   62.3537   
1.35111   86.7459   
1.50123   102.061   
1.65135   121.236   
1.80148   123.573   
1.9516    137.733   
2.10172   182.81    
2.25184   173.137   
2.40197   181.411   
2.55209   223.409   
2.70221   138.409   
2.85234   164.88    
3.00246   232.826   
3.15258   227.569   
3.30271   266.004   
3.45283   210.169   
3.60295   224.451   
3.75307   333.544   
3.9032    391.998   
4.05332   423.055   
4.20344   399.295   
4.35357   387.381   
4.50369   574.686   
4.65381   527.156   
4.80394   514.147   
4.95406   402.159   
5.10418   449.893   
5.2543    312.475   
5.40443   498.013   
5.55455   362.8     
5.70467   324.983   
5.8548    271.791   
6.00492   328.003   
6.15504   384.876   
6.30517   514.906   
6.45529   631.137   
6.60541   622.43    
6.75553   540.549   
6.90566   578.981   
7.05578   537.902   
7.2059    842.063   
7.35603   725.632   
7.50615   578.585   
7.65627   709.997   
7.8064    671.836   
7.95652   621.494   
8.10664   502.673   
8.25676   499.838   
8.40689   684.432   
8.55701   698.73    
8.70713   647.744   
8.85726   439.964   
9.00738   499.117   
9.1575    335.761   
9.30763   481.149   
9.45775   399.986   
9.60787   608.775   
9.75799   511.694   
9.90812   589.601   
10.0582   636.266   
10.2084   425.393   
10.3585   860.813   
10.5086   1121.27   
10.6587   1013.81   
10.8089   707.937   
10.959    787.039   
11.1091   894.799   
11.2592   917.606   
11.4093   1308.9    
11.5595   757.67    
11.7096   917.528   
11.8597   711.457   
12.0098   955.598   
12.16     806.14    
12.3101   902.254   
12.4602   1179.99   
12.6103   1125.65   
12.7605   900.325   
12.9106   754.901   
13.0607   744.677   
13.2108   958.118   
13.3609   890.534   
13.5111   928.3     
13.6612   837.177   
13.8113   860.177   
13.9614   780.873   
14.1116   1056.88   
14.2617   1056.49   
14.4118   1014.06   
14.5619   730.882   
14.7121   711.373   
14.8622   703.404   
15.0123   804.959   
15.1624   1175.85   
15.3125   1342.44   
15.4627   1259.76   
15.6128   1180.99   
15.7629   1482.64   
15.913    1415.63   
16.0632   1497.62   
16.2133   1396.4    
16.3634   1573.43   
16.5135   1480.32   
16.6637   1375.27   
16.8138   1507.3    
16.9639   1397.1    
17.114    1452.25   
17.2641   1545.12   
17.4143   1343.93   
17.5644   1352.59   
17.7145   1202      
17.8646   1246.24   
18.0148   1421.48   
18.1649   1312.94   
18.315    1418.47   
18.4651   1227.85   
18.6153   1348.81   
18.7654   1216.46   
18.9155   1433.87   
19.0656   1439.18   
19.2157   1439.82   
19.3659   1174.85   
19.516    1243.15   
19.6661   1217.35   
19.8162   1197.85   
19.9664   1188.48   
20.1165   1278.38   
20.2666   1094.91   
20.4167   988.821   
20.5669   1129.79   
20.717    1164.24   
20.8671   1217.53   
21.0172   1095.7    
21.1673   1193.84   
21.3175   1027.57   
21.4676   1084.54   
21.6177   1254.3    
21.7678   1204.14   
21.918    1233.83   
22.0681   1117.3    
22.2182   1351.85   
22.3683   874.374   
22.5184   1114.4    
22.6686   1124.27   
22.8187   1275.02   
22.9688   1049.45   
23.1189   899.819   
23.2691   1223.45   
23.4192   1025.74   
23.5693   891.437   
23.7194   1084.26   
23.8696   892.108   
24.0197   1058.08   
24.1698   1077.44   
24.3199   1085.22   
24.47     952.503   
24.6202   989.13    
24.7703   934.338   
24.9204   1091.4    
25.0705   1051.31   
25.2207   895.27    
25.3708   895.662   
25.5209   910.891   
25.671    1039.75   
25.8212   954.157   
25.9713   820.362   
26.1214   898.13    
26.2715   963.929   
26.4216   1030.41   
26.5718   944.501   
26.7219   924.396   
26.872    957.263   
27.0221   1019.26   
27.1723   998.733   
27.3224   1042.53   
27.4725   908.319   
27.6226   926.654   
27.7728   851.956   
27.9229   871.325   
28.073    867.708   
28.2231   994.7     
28.3732   819.564   
28.5234   868.695   
28.6735   807.484   
28.8236   932.99    
28.9737   800.316   
29.1239   842.971   
29.274    881.302   
29.4241   879.035   
29.5742   815.158   
29.7244   787.596   
29.8745   885.831   
30.0246   921.001   
30.1747   775.885   
30.3248   830.752   
30.475    760.577   
30.6251   799.94    
30.7752   811.355   
30.9253   767.72    
31.0755   684.247   
31.2256   765.868   
31.3757   888.6     
31.5258   732.675   
31.676    811.227   
31.8261   814.021   
31.9762   792.461   
32.1263   570.293   
32.2764   728.15    
32.4266   883.422   
32.5767   697.314   
32.7268   774.589   
32.8769   657.213   
33.0271   794.249   
33.1772   791.393   
33.3273   783.779   
33.4774   788.238   
33.6276   799.101   
33.7777   820.154   
33.9278   707.078   
34.0779   762.73    
34.228    723.183   
34.3782   765.961   
34.5283   740.748   
34.6784   748.171   
34.8285   725.418   
34.9787   729.99    
35.1288   754.18    
35.2789   666.343   
35.429    664.182   
35.5792   782.977   
35.7293   715.691   
35.8794   658.283   
36.0295   668.032   
36.1796   710.87    
36.3298   649.773   
36.4799   746.627   
36.63     741.425   
36.7801   602.315   
36.9303   727.021   
37.0804   664.989   
37.2305   735.063   
37.3806   709.547   
37.5307   704.774   
37.6809   673.962   
37.831    732.784   
37.9811   753.394   
38.1312   613.44    
38.2814   729.807   
38.4315   677.974   
38.5816   640.066   
38.7317   581.889   
38.8819   709.102   
39.032    558.364   
39.1821   699.59    
39.3322   668.223   
39.4823   690.813   
39.6325   528.861   
39.7826   636.963   
39.9327   595.16    
40.0828   683.06    
40.233    672.359   
40.3831   634.665   
40.5332   629.289   
40.6833   678.017   
40.8335   643.968   
40.9836   599.35    
41.1337   628.532   
41.2838   677.22    
41.4339   548.869   
41.5841   611.009   
41.7342   601.404   
41.8843   665.807   
42.0344   560.933   
42.1846   587.695   
42.3347   602.899   
42.4848   609.112   
42.6349   588.02    
42.7851   548.734   
42.9352   592.068   
43.0853   583.192   
43.2354   522.063   
43.3855   486.026   
43.5357   543.901   
43.6858   567.052   
43.8359   501.025   
43.986    606.055   
44.1362   498.777   
44.2863   624.199   
44.4364   554.153   
44.5865   552.689   
44.7367   584.528   
44.8868   611.013   
45.0369   585.491   
45.187    518.069   
45.3371   494.055   
45.4873   549.668   
45.6374   595.602   
45.7875   478.955   
45.9376   536.671   
46.0878   460.547   
46.2379   544.241   
46.388    564.299   
46.5381   538.016   
46.6883   544.117   
46.8384   537.823   
46.9885   513.209   
47.1386   500.136   
47.2887   523.19    
47.4389   508.711   
47.589    541.809   
47.7391   523.254   
47.8892   550.649   
48.0394   544.942   
48.1895   494.925   
48.3396   553.777   
48.4897   450.081   
48.6399   512.158   
48.79     543.194   
48.9401   551.342   
49.0902   498.171   
49.2403   532.01    
49.3905   525.92    
49.5406   571.74    
49.6907   517.153   
49.8408   496.862   
49.991    574.034   
